01 503
01 506
01 009
03 502
03 005
03 017
04 012
04 005
04 004
04 002
05 501
05 507
05 510
05 013
05 019
06 012
06 007
06 001
07 008
07 020
08 507
08 504
09 503
09 505
09 003
09 004
09 014
09 018
09 020
10 013
10 003
10 511
11 508
11 011
12 019
12 007
12 507
12 505
13 511
13 005
14 013
14 511
15 505
15 507
15 510
15 017
16 018
17 506
17 002
18 006
18 504
19 002
19 005
19 018
19 020
20 014
20 012
20 505
21 506
21 004
21 005
21 007
21 013
21 016
22 016
22 012
22 008
22 005
22 004
22 503
22 502
23 500
24 016
24 012
24 008