01 505
01 507
01 508
01 007
01 009
01 012
01 017
01 018
02 008
02 508
03 500
03 501
03 001
03 003
03 014
04 017
04 002
04 511
04 508
05 001
05 008
06 508
06 506
07 501
07 503
07 009
07 012
07 013
07 018
08 018
08 016
08 015
08 012
08 010
08 006
08 002
08 001
09 509
09 001
09 002
09 003
09 009
09 012
09 016
09 017
10 019
10 016
10 009
10 004
10 002
10 512
10 507
11 504
11 507
11 59
11 511
11 512
11 004
11 005
11 010
11 013
11 018
12 020
12 009
12 508
12 505
12 504
12 502
12 501
12 500
13 509
13 006
13 008
14 013
14 010
14 005
14 510
14 504
14 502
14 500
15 512
15 002
15 003
16 015
16 013
16 012
16 008
16 005
16 004
16 001
16 513
16 509
16 508
16 501
17 500
17 506
17 510
17 007
17 014
17 018
17 019
18 018
18 015
18 005
18 001
18 507
19 506
19 003
19 004
19 005
19 013
19 014
19 017
20 013
20 010
20 008
20 006
20 005
20 004
20 002
20 001
20 504
20 500
21 507
21 002
21 004
21 009
21 011
21 013
21 015
21 016
21 020
22 018
22 011
22 510
22 508
23 506
23 507
23 512
23 008
23 015
24 020
24 018
24 017
24 016
24 012
24 003
24 504
24 502
24 500
